0.05 0.0692398 2604.02 12119.7
0.1 0.20061 387.281 1801.79
0.15 0.351783 127.278 591.105
0.2 0.503192 58.0432 268.312
0.25 0.644769 31.7948 145.63
0.3 0.772367 19.6394 88.5884
0.35 0.883996 13.233 58.359
0.4 0.981959 9.53596 40.793
0.45 1.06598 7.25298 29.863
0.5 1.13939 5.77039 22.6924
0.55 1.20133 4.76533 17.7863
0.6 1.25499 4.05999 14.311
0.65 1.30084 3.55284 11.7778
0.7 1.34082 3.17782 9.88682
0.75 1.37552 2.89452 8.44552
0.8 1.4058 2.6778 7.3268
0.85 1.43199 2.50899 6.44399
0.9 1.45447 2.37547 5.73947
0.95 1.47471 2.26971 5.16871
1.0 1.49285 2.18285 4.70185
1.05 1.50931 2.11331 4.31631
1.1 1.5239 2.0549 3.9949
1.15 1.53655 2.00755 3.72455
1.2 1.54784 1.96684 3.49584
1.25 1.5583 1.9333 3.3003
1.3 1.56774 1.90474 3.13274
1.35 1.57636 1.88136 2.98936
1.4 1.58395 1.85995 2.86395
1.45 1.59194 1.84294 2.75494
1.5 1.5985 1.8275 2.6595
1.55 1.60459 1.81459 2.57559
1.6 1.60999 1.80299 2.50199
1.65 1.61537 1.79337 2.43737
1.7 1.62026 1.78526 2.37926
1.75 1.62514 1.77814 2.32714
1.8 1.62939 1.77139 2.28139
1.85 1.63334 1.76534 2.24034
1.9 1.63726 1.76126 2.20326
1.95 1.64141 1.75641 2.17041
2.0 1.64399 1.75299 2.13999
2.05 1.64817 1.75017 2.11317
2.1 1.65111 1.74811 2.08911
2.15 1.65395 1.74495 2.06695
2.2 1.65679 1.74379 2.04679
2.25 1.65975 1.74175 2.02875
2.3 1.66292 1.74092 2.01292
2.35 1.66536 1.73936 1.99836
2.4 1.66716 1.73916 1.98416
2.45 1.67038 1.73838 1.97238
2.5 1.67206 1.73806 1.96106
2.55 1.67525 1.73825 1.95125
2.6 1.67701 1.73801 1.94201
2.65 1.67937 1.73837 1.93337
2.7 1.68136 1.73836 1.92636
2.75 1.68402 1.73902 1.91902
2.8 1.68537 1.73937 1.91337
2.85 1.68744 1.74044 1.90744
2.9 1.69025 1.74025 1.90325
2.95 1.69182 1.74182 1.89882
3.0 1.69417 1.74217 1.89517
3.05 1.69632 1.74332 1.89132
3.1 1.69828 1.74428 1.88828
3.15 1.70006 1.74606 1.88606
3.2 1.70169 1.74669 1.88369
3.25 1.70416 1.74816 1.88216
3.3 1.7055 1.7495 1.8805
3.35 1.70771 1.75071 1.87871
3.4 1.7098 1.7528 1.8778
3.45 1.71177 1.75377 1.87677
3.5 1.71364 1.75564 1.87664
3.55 1.71542 1.75742 1.87642
3.6 1.7171 1.7591 1.8771
3.65 1.71969 1.76069 1.87669
3.7 1.72121 1.76321 1.87721
3.75 1.72365 1.76465 1.87765
3.8 1.72503 1.76703 1.87903
3.85 1.72733 1.76833 1.88033
3.9 1.72957 1.77057 1.88157
3.95 1.73076 1.77276 1.88276
4.0 1.73289 1.77489 1.88389
4.05 1.73497 1.77697 1.88597
4.1 1.737 1.779 1.888
4.15 1.73898 1.78198 1.88998
4.2 1.74092 1.78392 1.89192
4.25 1.74282 1.78582 1.89382
4.3 1.74468 1.78868 1.89668
4.35 1.7475 1.7915 1.8985
4.4 1.74929 1.79329 1.90129
4.45 1.75105 1.79605 1.90405
4.5 1.75377 1.79877 1.90677
4.55 1.75547 1.80147 1.90947
4.6 1.75714 1.80414 1.91314
4.65 1.75978 1.80678 1.91578
4.7 1.76139 1.80939 1.91939
4.75 1.76398 1.81198 1.92298
4.8 1.76655 1.81455 1.92655
4.85 1.7681 1.8171 1.9301
4.9 1.77062 1.81962 1.93362
4.95 1.77313 1.82313 1.93713
5.0 1.77462 1.82562 1.94062
5.05 1.77709 1.82909 1.94509
5.1 1.77954 1.83154 1.94854
5.15 1.78197 1.83497 1.95297
5.2 1.78439 1.83739 1.95739
5.25 1.7868 1.8408 1.9618
5.3 1.78919 1.84419 1.96619
5.35 1.79157 1.84757 1.97057
5.4 1.79393 1.84993 1.97493
5.45 1.79628 1.85328 1.97928
5.5 1.79862 1.85662 1.98362
5.55 1.80095 1.85995 1.98895
5.6 1.80327 1.86327 1.99327
5.65 1.80558 1.86658 1.99858
5.7 1.80788 1.86988 2.00288
5.75 1.81116 1.87316 2.00816
5.8 1.81344 1.87644 2.01344
5.85 1.81571 1.88071 2.01771
5.9 1.81797 1.88397 2.02297
5.95 1.82123 1.88723 2.02823
6.0 1.82347 1.89047 2.03347
6.05 1.82671 1.89471 2.03871
6.1 1.82894 1.89794 2.04494
6.15 1.83116 1.90216 2.05016
6.2 1.83438 1.90538 2.05538
6.25 1.83659 1.90959 2.06159
6.3 1.83979 1.91279 2.06679
6.35 1.84199 1.91699 2.07299
6.4 1.84518 1.92018 2.07818
6.45 1.84837 1.92437 2.08437
6.5 1.85055 1.92855 2.09055
6.55 1.85373 1.93273 2.09573
6.6 1.8569 1.9359 2.1019
6.65 1.85906 1.94006 2.10806
6.7 1.86223 1.94423 2.11423
6.75 1.86538 1.94838 2.12038
6.8 1.86854 1.95254 2.12754
6.85 1.87069 1.95669 2.13369
6.9 1.87383 1.96083 2.13983
6.95 1.87697 1.96497 2.14597
7.0 1.88011 1.96911 2.15311
7.05 1.88324 1.97324 2.15924
7.1 1.88637 1.97837 2.16637
7.15 1.8895 1.9825 2.1735
7.2 1.89262 1.98662 2.17962
7.25 1.89574 1.99074 2.18674
7.3 1.89886 1.99586 2.19386
7.35 1.90197 1.99997 2.20097
7.4 1.90509 2.00509 2.20809
7.45 1.90819 2.00919 2.21519
7.5 1.9113 2.0143 2.2233
7.55 1.9154 2.0184 2.2304
7.6 1.9185 2.0235 2.2375
7.65 1.9216 2.0286 2.2456
7.7 1.9257 2.0327 2.2527
7.75 1.92879 2.03779 2.26079
7.8 1.93188 2.04288 2.26788
7.85 1.93597 2.04797 2.27597
7.9 1.93906 2.05306 2.28406
7.95 1.94214 2.05814 2.29214
8.0 1.94623 2.06323 2.30023
8.05 1.94931 2.06831 2.30831
8.1 1.95339 2.07339 2.31639
8.15 1.95646 2.07846 2.32446
8.2 1.96054 2.08354 2.33254
8.25 1.96461 2.08861 2.34061
8.3 1.96769 2.09369 2.34969
8.35 1.97176 2.09976 2.35776
8.4 1.97583 2.10483 2.36683
8.45 1.97989 2.11089 2.37589
8.5 1.98296 2.11596 2.38396
8.55 1.98702 2.12202 2.39302
8.6 1.99109 2.12709 2.40209
8.65 1.99515 2.13315 2.41115
8.7 1.99921 2.13821 2.42021
8.75 2.00327 2.14427 2.42927
8.8 2.00733 2.15033 2.43933
8.85 2.01138 2.15638 2.44838
8.9 2.01544 2.16244 2.45844
8.95 2.01949 2.16849 2.46749
9.0 2.02355 2.17455 2.47755
9.05 2.0286 2.1806 2.4876
9.1 2.03265 2.18765 2.49765
9.15 2.0387 2.1947 2.5087
9.2 2.04675 2.20475 2.52275
9.25 2.0468 2.2068 2.5288
9.3 2.04985 2.21185 2.53785
9.35 2.05389 2.21789 2.54789
9.4 2.05794 2.22394 2.55794
9.45 2.06298 2.23098 2.56798
9.5 2.06702 2.23702 2.57902
9.55 2.07107 2.24307 2.58907
9.6 2.07611 2.25011 2.60011
9.65 2.08015 2.25715 2.61115
9.7 2.08519 2.26319 2.62219
9.75 2.09023 2.27023 2.63323
9.8 2.09427 2.27727 2.64427
9.85 2.09931 2.28431 2.65531
9.9 2.10434 2.29134 2.66734
9.95 2.10938 2.29838 2.67838
10.0 2.11442 2.30642 2.69042
10.05 2.11945 2.31345 2.70245
10.1 2.12549 2.32149 2.71549
10.15 2.13252 2.33052 2.72952
10.2 2.14255 2.34255 2.74555
10.25 2.14759 2.35059 2.75859
10.3 2.14762 2.35362 2.76562
10.35 2.15065 2.35865 2.77665
10.4 2.15568 2.36568 2.78768
10.45 2.15971 2.37271 2.79971
10.5 2.16474 2.38074 2.81274
10.55 2.16977 2.38777 2.82477
10.6 2.1758 2.3958 2.8378
10.65 2.18083 2.40383 2.85083
10.7 2.18585 2.41185 2.86385
10.75 2.19188 2.41988 2.87788
10.8 2.19691 2.42791 2.89091
10.85 2.20294 2.43694 2.90494
10.9 2.20896 2.44496 2.91896
10.95 2.21599 2.45499 2.93399
11.0 2.22301 2.46501 2.95001
11.05 2.23504 2.48004 2.97004
11.1 2.24006 2.48706 2.98306
11.15 2.24008 2.49108 2.99208
11.2 2.24411 2.49711 3.00511
11.25 2.24913 2.50513 3.01913
11.3 2.25415 2.51315 3.03315
11.35 2.26018 2.52218 3.04718
11.4 2.2652 2.5312 3.0622
11.45 2.27122 2.54022 3.07722
11.5 2.27724 2.54924 3.09224
11.55 2.28326 2.55826 3.10826
11.6 2.28928 2.56728 3.12328
11.65 2.2963 2.5773 3.1393
11.7 2.30232 2.58632 3.15532
11.75 2.30834 2.59634 3.17134
11.8 2.31536 2.60536 3.18736
11.85 2.32138 2.61538 3.20438
11.9 2.3284 2.6254 3.2204
11.95 2.33442 2.63542 3.23742
12.0 2.34143 2.64543 3.25543
12.05 2.34745 2.65645 3.27245
12.1 2.35447 2.66647 3.28947
12.15 2.36149 2.67649 3.30749
12.2 2.3685 2.6875 3.3255
12.25 2.37552 2.69752 3.34252
12.3 2.38254 2.70854 3.36154
12.35 2.38955 2.71955 3.37955
12.4 2.39657 2.73057 3.39857
12.45 2.40359 2.74159 3.41659
12.5 2.4106 2.7526 3.4356
12.55 2.41862 2.76362 3.45462
12.6 2.42563 2.77563 3.47463
12.65 2.43365 2.78665 3.49365
12.7 2.44066 2.79866 3.51366
12.75 2.44868 2.81068 3.53368
12.8 2.45569 2.82269 3.55469
12.85 2.4637 2.8347 3.5747
12.9 2.47172 2.84672 3.59572
12.95 2.47973 2.85873 3.61673
13.0 2.48774 2.87074 3.63774
13.05 2.49576 2.88376 3.65976
13.1 2.50377 2.89677 3.68077
13.15 2.51178 2.90878 3.70278
13.2 2.5198 2.9218 3.7248
13.25 2.52881 2.93481 3.74781
13.3 2.53682 2.94882 3.77082
13.35 2.54583 2.96183 3.79383
13.4 2.55384 2.97584 3.81684
13.45 2.56286 2.98886 3.84086
13.5 2.57187 3.00287 3.86487
13.55 2.58088 3.01688 3.88888
13.6 2.58989 3.03089 3.91289
13.65 2.5989 3.0459 3.9379
13.7 2.60791 3.05991 3.96291
13.75 2.61692 3.07492 3.98892
13.8 2.62593 3.08993 4.01493
13.85 2.63594 3.10494 4.04094
13.9 2.64496 3.11996 4.06696
13.95 2.65497 3.13497 4.09397
14.0 2.66498 3.15098 4.12098
14.05 2.67499 3.16699 4.14899
14.1 2.684 3.183 4.177
14.15 2.69501 3.19901 4.20501
14.2 2.70501 3.21501 4.23401
14.25 2.71502 3.23202 4.26302
14.3 2.72603 3.24903 4.29203
14.35 2.73604 3.26604 4.32204
14.4 2.74705 3.28305 4.35305
14.45 2.75806 3.30106 4.38406
14.5 2.76907 3.31807 4.41507
14.55 2.78008 3.33608 4.44708
14.6 2.79109 3.35509 4.47909
14.65 2.8031 3.3741 4.5121
14.7 2.8151 3.3931 4.5461
14.75 2.82811 3.41311 4.58011
14.8 2.84212 3.43412 4.61712
14.85 2.85913 3.46013 4.65713
14.9 2.86814 3.47614 4.68914
14.95 2.87614 3.49314 4.72114
15.0 2.88715 3.51115 4.75615
15.05 2.89916 3.53116 4.79216
15.1 2.91117 3.55217 4.82917
15.15 2.92418 3.57318 4.86718
15.2 2.93718 3.59418 4.90518
15.25 2.95019 3.61619 4.94519
15.3 2.9632 3.6382 4.9852
15.35 2.9762 3.6612 5.0252
15.4 2.99021 3.68421 5.06621
15.45 3.00422 3.70722 5.10822
15.5 3.01823 3.73123 5.15123
15.55 3.03223 3.75523 5.19523
15.6 3.04724 3.78024 5.23924
15.65 3.06225 3.80525 5.28425
15.7 3.07725 3.83025 5.33025
15.75 3.09226 3.85626 5.37726
15.8 3.10827 3.88227 5.42427
15.85 3.12327 3.90927 5.47327
15.9 3.13928 3.93628 5.52228
15.95 3.15628 3.96428 5.57328
16.0 3.17329 3.99229 5.62429
16.05 3.1903 4.0223 5.6773
16.1 3.2093 4.0523 5.7323
16.15 3.23231 4.08831 5.79231
16.2 3.24531 4.11431 5.84331
16.25 3.26032 4.14232 5.89632
16.3 3.27733 4.17233 5.95333
16.35 3.29533 4.20333 6.01033
16.4 3.31334 4.23534 6.07034
16.45 3.33234 4.26834 6.13034
16.5 3.35135 4.30235 6.19235
16.55 3.37135 4.33635 6.25535
16.6 3.39136 4.37136 6.32036
16.65 3.41136 4.40636 6.38636
16.7 3.43237 4.44337 6.45337
16.75 3.45337 4.48037 6.52237
16.8 3.47538 4.51838 6.59238
16.85 3.49738 4.55638 6.66438
16.9 3.51939 4.59639 6.73739
16.95 3.54239 4.63639 6.81239
17.0 3.5654 4.6774 6.8884
17.05 3.5894 4.7194 6.9664
17.1 3.61341 4.76241 7.04641
17.15 3.63741 4.80641 7.12841
17.2 3.66242 4.85142 7.21142
17.25 3.68842 4.89642 7.29742
17.3 3.71443 4.94343 7.38443
17.35 3.74143 4.99143 7.47443
17.4 3.76844 5.04044 7.56544
17.45 3.79644 5.09044 7.65944
17.5 3.82445 5.14145 7.75545
17.55 3.85345 5.19345 7.85345
17.6 3.88345 5.24745 7.95445
17.65 3.91346 5.30146 8.05746
17.7 3.94446 5.35746 8.16246
17.75 3.97547 5.41547 8.27147
17.8 4.00847 5.47447 8.38147
17.85 4.04147 5.53447 8.49547
17.9 4.07548 5.59548 8.61148
17.95 4.10948 5.65948 8.73148
18.0 4.14649 5.72549 8.85549
18.05 4.18249 5.79149 8.98049
18.1 4.21949 5.85949 9.10949
18.15 4.2575 5.9295 9.2415
18.2 4.2965 6.0015 9.3775
18.25 4.33651 6.07451 9.51651
18.3 4.37751 6.14951 9.65951
18.35 4.41951 6.22651 9.80651
18.4 4.46152 6.30652 9.95752
18.45 4.50552 6.38752 10.1115
18.5 4.55052 6.47152 10.2705
18.55 4.59653 6.55653 10.4345
18.6 4.64453 6.64553 10.6025
18.65 4.69253 6.73553 10.7745
18.7 4.74254 6.82854 10.9515
18.75 4.79354 6.92354 11.1335
18.8 4.84654 7.02254 11.3215
18.85 4.90055 7.12255 11.5135
18.9 4.95555 7.22655 11.7116
18.95 5.01255 7.33355 11.9146
19.0 5.07056 7.44256 12.1246
19.05 5.13056 7.55556 12.3396
19.1 5.19256 7.67156 12.5616
19.15 5.25557 7.79057 12.7886
19.2 5.32057 7.91257 13.0236
19.25 5.38757 8.03857 13.2646
19.3 5.45558 8.16858 13.5126
19.35 5.52658 8.30158 13.7676
19.4 5.59858 8.43958 14.0306
19.45 5.67359 8.58059 14.3006
19.5 5.75059 8.72559 14.5786
19.55 5.82859 8.87559 14.8646
19.6 5.91059 9.02859 15.1596
19.65 5.9936 9.1876 15.4626
19.7 6.0796 9.3496 15.7736
19.75 6.1676 9.5176 16.0946
19.8 6.25761 9.68961 16.4236
19.85 6.35061 9.86661 16.7636
19.9 6.44661 10.0496 17.1116
19.95 6.54461 10.2366 17.4706
20.0 6.64562 10.4296 17.8386
20.05 6.74962 10.6276 18.2176
20.1 6.85662 10.8306 18.6066
20.15 6.96562 11.0396 19.0056
20.2 7.07863 11.2546 19.4156
20.25 7.19363 11.4756 19.8366
20.3 7.31263 11.7016 20.2686
20.35 7.43363 11.9336 20.7116
20.4 7.55864 12.1726 21.1656
20.45 7.68664 12.4166 21.6306
20.5 7.81764 12.6666 22.1066
20.55 7.95064 12.9226 22.5936
20.6 8.08765 13.1846 23.0916
20.65 8.22865 13.4526 23.6006
20.7 8.37165 13.7257 24.1207
20.75 8.51765 14.0047 24.6497
20.8 8.66666 14.2897 25.1897
20.85 8.81766 14.5797 25.7387
20.9 8.97266 14.8747 26.2967
20.95 9.12966 15.1747 26.8637
21.0 9.28866 15.4787 27.4377
21.05 9.45067 15.7877 28.0197
21.1 9.61367 16.0987 28.6067
21.15 9.77867 16.4137 29.1997
21.2 9.94567 16.7317 29.7967
21.25 10.1127 17.0507 30.3967
21.3 10.2817 17.3717 30.9977
21.35 10.4497 17.6927 31.5997
21.4 10.6187 18.0127 32.1987
21.45 10.7867 18.3317 32.7947
21.5 10.9527 18.6487 33.3857
21.55 11.1177 18.9617 33.9687
21.6 11.2807 19.2697 34.5417
21.65 11.4397 19.5707 35.1027
21.7 11.5957 19.8647 35.6477
21.75 11.7467 20.1497 36.1757
21.8 11.8917 20.4247 36.6827
21.85 12.0307 20.6857 37.1667
21.9 12.1627 20.9337 37.6227
21.95 12.2867 21.1657 38.0497
22.0 12.4017 21.3797 38.4417
22.05 12.5057 21.5737 38.7977
22.1 12.5997 21.7467 39.1117
22.15 12.6807 21.8957 39.3827
22.2 12.7487 22.0187 39.6057
22.25 12.8017 22.1147 39.7757
22.3 12.8407 22.1807 39.8927
22.35 12.8647 22.2197 39.9587
22.4 12.8757 22.2337 39.9767
22.45 12.8747 22.2227 39.9487
22.5 12.8607 22.1877 39.8777
22.55 12.8357 22.1327 39.7657
22.6 12.8007 22.0567 39.6177
22.65 12.7557 21.9617 39.4337
22.7 12.7027 21.8497 39.2177
22.75 12.6407 21.7227 38.9717
22.8 12.5717 21.5807 38.6997
22.85 12.4957 21.4257 38.4027
22.9 12.4137 21.2587 38.0837
22.95 12.3267 21.0827 37.7457
23.0 12.2347 20.8967 37.3897
23.05 12.1387 20.7027 37.0187
23.1 12.0397 20.5017 36.6337
23.15 11.9367 20.2947 36.2377
23.2 11.8327 20.0837 35.8327
23.25 11.7257 19.8677 35.4197
23.3 11.6177 19.6497 35.0007
23.35 11.5087 19.4287 34.5757
23.4 11.3988 19.2058 34.1488
23.45 11.2878 18.9828 33.7188
23.5 11.1778 18.7588 33.2878
23.55 11.0678 18.5358 32.8568
23.6 10.9578 18.3128 32.4268
23.65 10.8498 18.0928 31.9988
23.7 10.7428 17.8738 31.5738
23.75 10.6388 17.6588 31.1538
23.8 10.5408 17.4498 30.7418
23.85 10.4598 17.2598 30.3498
23.9 10.3378 17.0308 29.9228
23.95 10.2248 16.8118 29.5078
24.0 10.1178 16.6008 29.1028
24.05 10.0178 16.3978 28.7078
24.1 9.92077 16.1988 28.3208
24.15 9.82477 16.0038 27.9398
24.2 9.73177 15.8128 27.5658
24.25 9.64077 15.6258 27.1998
24.3 9.55178 15.4418 26.8398
24.35 9.46478 15.2628 26.4878
24.4 9.38078 15.0878 26.1428
24.45 9.29778 14.9158 25.8048
24.5 9.21778 14.7488 25.4748
24.55 9.13878 14.5858 25.1508
24.6 9.06278 14.4258 24.8348
24.65 8.98878 14.2708 24.5268
24.7 8.91679 14.1188 24.2248
24.75 8.84579 13.9708 23.9308
24.8 8.77779 13.8268 23.6438
24.85 8.71179 13.6868 23.3628
24.9 8.64779 13.5498 23.0898
24.95 8.58479 13.4168 22.8228
25.0 8.52479 13.2878 22.5628
25.05 8.46579 13.1618 22.3098
25.1 8.40879 13.0398 22.0628
25.15 8.3538 12.9198 21.8228
25.2 8.3008 12.8048 21.5878
25.25 8.2488 12.6918 21.3598
25.3 8.1988 12.5818 21.1368
25.35 8.1498 12.4758 20.9208
25.4 8.1038 12.3728 20.7098
25.45 8.0598 12.2738 20.5058
25.5 8.0188 12.1788 20.3088
25.55 7.9768 12.0848 20.1148
25.6 7.94081 11.9978 19.9308
25.65 7.91781 11.9248 19.7618
25.7 7.86181 11.8218 19.5668
25.75 7.81881 11.7308 19.3858
25.8 7.78081 11.6468 19.2138
25.85 7.74481 11.5658 19.0468
25.9 7.71081 11.4878 18.8848
25.95 7.67781 11.4128 18.7278
26.0 7.64581 11.3388 18.5738
26.05 7.61581 11.2678 18.4248
26.1 7.58682 11.1998 18.2808
26.15 7.55882 11.1338 18.1408
26.2 7.53182 11.0698 18.0048
26.25 7.50682 11.0068 17.8718
26.3 7.48182 10.9468 17.7428
26.35 7.45882 10.8888 17.6178
26.4 7.43582 10.8318 17.4958
26.45 7.41482 10.7778 17.3778
26.5 7.39382 10.7248 17.2628
26.55 7.37382 10.6728 17.1508
26.6 7.35482 10.6238 17.0418
26.65 7.33683 10.5758 16.9368
26.7 7.31983 10.5298 16.8338
26.75 7.30283 10.4848 16.7338
26.8 7.28783 10.4408 16.6368
26.85 7.27283 10.3988 16.5428
26.9 7.25883 10.3588 16.4508
26.95 7.24483 10.3198 16.3618
27.0 7.23283 10.2818 16.2758
27.05 7.22083 10.2448 16.1918
27.1 7.20883 10.2098 16.1108
27.15 7.19883 10.1758 16.0318
27.2 7.18884 10.1428 15.9548
27.25 7.17984 10.1118 15.8798
27.3 7.17084 10.0808 15.8078
27.35 7.16284 10.0518 15.7378
27.4 7.15584 10.0238 15.6698
27.45 7.14984 9.99784 15.6048
27.5 7.14284 9.97184 15.5398
27.55 7.13584 9.94584 15.4768
27.6 7.13084 9.92184 15.4168
27.65 7.12584 9.89884 15.3578
27.7 7.12184 9.87684 15.3018
27.75 7.11784 9.85584 15.2468
27.8 7.11584 9.83584 15.1938
27.85 7.11385 9.81785 15.1438
27.9 7.11085 9.79885 15.0928
27.95 7.10885 9.77985 15.0438
28.0 7.10685 9.76285 14.9968
28.05 7.10585 9.74685 14.9518
28.1 7.10585 9.73185 14.9078
28.15 7.10585 9.71785 14.8658
28.2 7.10585 9.70385 14.8249
28.25 7.10685 9.69085 14.7849
28.3 7.10785 9.67885 14.7469
28.35 7.10985 9.66785 14.7109
28.4 7.11185 9.65685 14.6749
28.45 7.11485 9.64785 14.6409
28.5 7.11785 9.63785 14.6079
28.55 7.12086 9.62986 14.5769
28.6 7.12486 9.62186 14.5469
28.65 7.12886 9.61486 14.5179
28.7 7.13386 9.60886 14.4899
28.75 7.13986 9.60386 14.4639
28.8 7.14686 9.60086 14.4399
28.85 7.15486 9.59886 14.4179
28.9 7.16786 9.60186 14.4019
28.95 7.19686 9.62086 14.4009
29.0 7.18686 9.60086 14.3629
29.05 7.18186 9.58686 14.3319
29.1 7.18486 9.58086 14.3079
29.15 7.18986 9.57686 14.2869
29.2 7.19686 9.57486 14.2679
29.25 7.20386 9.57386 14.2499
29.3 7.21087 9.57287 14.2329
29.35 7.21987 9.57287 14.2179
29.4 7.22787 9.57387 14.2039
29.45 7.23687 9.57487 14.1899
29.5 7.24687 9.57687 14.1779
29.55 7.25687 9.57987 14.1659
29.6 7.26687 9.58287 14.1549
29.65 7.27787 9.58687 14.1459
29.7 7.28887 9.59187 14.1369
29.75 7.30087 9.59687 14.1299
29.8 7.31387 9.60387 14.1239
29.85 7.32787 9.61187 14.1199
29.9 7.34487 9.62187 14.1179
29.95 7.36487 9.63687 14.1209
30.0 7.39787 9.66387 14.1369
30.05 7.46987 9.72887 14.1899
30.1 7.43488 9.68888 14.1399
30.15 7.44388 9.69288 14.1339
30.2 7.45788 9.70088 14.1319
30.25 7.44388 9.68288 14.1049
30.3 7.44788 9.68188 14.0939
30.35 7.45688 9.68588 14.0889
30.4 7.46888 9.69388 14.0879
30.45 7.48488 9.70488 14.0899
30.5 7.50788 9.72388 14.0999
30.55 7.52088 9.73188 14.0999
30.6 7.52388 9.73188 14.0919
30.65 7.53488 9.73788 14.0909
30.7 7.54688 9.74688 14.0919
30.75 7.56088 9.75688 14.0949
30.8 7.57588 9.76788 14.0979
30.85 7.59088 9.77988 14.1029
30.9 7.60588 9.79188 14.1079
30.95 7.62188 9.80388 14.1139
31.0 7.63788 9.81688 14.1199
31.05 7.65389 9.82989 14.1269
31.1 7.67089 9.84289 14.1349
31.15 7.68789 9.85689 14.1429
31.2 7.70489 9.87189 14.1519
31.25 7.72189 9.88589 14.1609
31.3 7.73989 9.90089 14.1709
31.35 7.75689 9.91589 14.1809
31.4 7.77489 9.93189 14.1919
31.45 7.79389 9.94789 14.2029
31.5 7.81189 9.96389 14.2139
31.55 7.83089 9.97989 14.2269
31.6 7.84889 9.99689 14.2389
31.65 7.86789 10.0139 14.2519
31.7 7.88789 10.0309 14.2659
31.75 7.90689 10.0489 14.2799
31.8 7.92689 10.0659 14.2939
31.85 7.94689 10.0849 14.3089
31.9 7.96689 10.1029 14.3239
31.95 7.98689 10.1219 14.3399
32.0 8.00689 10.1409 14.3559
32.05 8.02789 10.1599 14.3719
32.1 8.0499 10.1799 14.3899
32.15 8.0699 10.1989 14.4059
32.2 8.0909 10.2189 14.4239
32.25 8.1129 10.2399 14.4419
32.3 8.1339 10.2599 14.4599
32.35 8.1559 10.2809 14.4789
32.4 8.1779 10.3019 14.4979
32.45 8.1999 10.3229 14.5179
32.5 8.2229 10.3449 14.5379
32.55 8.2449 10.3669 14.5589
32.6 8.2679 10.3889 14.5789
32.65 8.2909 10.4109 14.6009
32.7 8.3149 10.4339 14.6219
32.75 8.3379 10.4569 14.6439
32.8 8.3619 10.4799 14.6659
32.85 8.3859 10.5039 14.6889
32.9 8.4099 10.5269 14.7119
32.95 8.4339 10.5509 14.7349
33.0 8.4579 10.5749 14.7589
33.05 8.4829 10.5999 14.7829
33.1 8.5079 10.6239 14.8069
33.15 8.5329 10.6489 14.8319
33.2 8.5579 10.6749 14.8569
33.25 8.58291 10.6999 14.8829
33.3 8.60891 10.7259 14.9089
33.35 8.63491 10.7519 14.9349
33.4 8.66091 10.7779 14.9609
33.45 8.68691 10.8039 14.9879
33.5 8.71291 10.8309 15.0149
33.55 8.73991 10.8579 15.0429
33.6 8.76691 10.8849 15.0709
33.65 8.79391 10.9119 15.0989
33.7 8.82091 10.9399 15.1269
33.75 8.84791 10.9679 15.1559
33.8 8.87591 10.9959 15.1849
33.85 8.90391 11.0249 15.2149
33.9 8.93191 11.0529 15.2449
33.95 8.95991 11.0819 15.2749
34.0 8.98891 11.1109 15.3049
34.05 9.01691 11.1409 15.3359
34.1 9.04591 11.1699 15.3669
34.15 9.07491 11.1999 15.3989
34.2 9.10491 11.2299 15.4309
34.25 9.13391 11.2609 15.4629
34.3 9.16391 11.2909 15.4949
34.35 9.19391 11.3219 15.5279
34.4 9.22391 11.3539 15.5609
34.45 9.25391 11.3849 15.5949
34.5 9.28491 11.4169 15.6289
34.55 9.31591 11.4489 15.6629
34.6 9.34691 11.4809 15.6969
34.65 9.37792 11.5129 15.7319
34.7 9.40992 11.5459 15.7669
34.75 9.44092 11.5789 15.8019
34.8 9.47292 11.6119 15.8379
34.85 9.50492 11.6459 15.8739
34.9 9.53792 11.6789 15.9099
34.95 9.56992 11.7129 15.9469
35.0 9.60292 11.7479 15.9839
35.05 9.63592 11.7819 16.0209
35.1 9.66992 11.8169 16.0589
35.15 9.70292 11.8519 16.0969
35.2 9.73692 11.8869 16.1349
35.25 9.77092 11.9229 16.1739
35.3 9.80592 11.9589 16.2129
35.35 9.83992 11.9949 16.2519
35.4 9.87492 12.0309 16.2919
35.45 9.90992 12.0679 16.3319
35.5 9.94492 12.1049 16.3719
35.55 9.98092 12.1429 16.4129
35.6 10.0169 12.1799 16.4539
35.65 10.0529 12.2189 16.4959
35.7 10.0899 12.2569 16.5379
35.75 10.1279 12.2959 16.5809
35.8 10.1659 12.3369 16.6239
35.85 10.2049 12.3779 16.6689
35.9 10.2469 12.4209 16.7159
35.95 10.2939 12.4699 16.7689
36.0 10.3589 12.5369 16.8399
36.05 10.3909 12.5719 16.8779
36.1 10.4059 12.5879 16.8989
36.15 10.4359 12.6199 16.9349
36.2 10.4709 12.6569 16.9759
36.25 10.5069 12.6959 17.0179
36.3 10.5449 12.7349 17.0619
36.35 10.5829 12.7759 17.1069
36.4 10.6219 12.8169 17.1519
36.45 10.6619 12.8589 17.1979
36.5 10.7019 12.9009 17.2439
36.55 10.7419 12.9429 17.2909
36.6 10.7819 12.9859 17.3379
36.65 10.8229 13.0289 17.3859
36.7 10.8649 13.0729 17.4339
36.75 10.9059 13.1169 17.4819
36.8 10.9479 13.1609 17.5309
36.85 10.9899 13.2049 17.5799
36.9 11.0329 13.2499 17.6289
36.95 11.0759 13.2959 17.6789
37.0 11.1189 13.3409 17.7299
37.05 11.1629 13.3869 17.7799
37.1 11.2059 13.4329 17.8309
37.15 11.2509 13.4799 17.8829
37.2 11.2949 13.5269 17.9339
37.25 11.3399 13.5749 17.9869
37.3 11.3859 13.6219 18.0389
37.35 11.4319 13.6709 18.0929
37.4 11.4779 13.7199 18.1459
37.45 11.5249 13.7689 18.2009
37.5 11.5719 13.8189 18.2559
37.55 11.6209 13.8699 18.3119
37.6 11.6709 13.9229 18.3689
37.65 11.7229 13.9779 18.4289
37.7 11.7789 14.0359 18.4919
37.75 11.8429 14.1019 18.5639
37.8 11.9339 14.1959 18.6609
37.85 12.0099 14.2749 18.7449
37.9 11.9969 14.2639 18.7409
37.95 12.0249 14.2949 18.7779
38.0 12.0609 14.3349 18.8229
38.05 12.1069 14.3829 18.8769
38.1 12.1539 14.4329 18.9319
38.15 12.2029 14.4839 18.9889
38.2 12.2519 14.5369 19.0469
38.25 12.3019 14.5899 19.1049
38.3 12.3529 14.6429 19.1639
38.35 12.4039 14.6979 19.2239
38.4 12.4559 14.7519 19.2839
38.45 12.5089 14.8069 19.3449
38.5 12.5609 14.8629 19.4059
38.55 12.6149 14.9189 19.4679
38.6 12.6679 14.9759 19.5299
38.65 12.7219 15.0329 19.5929
38.7 12.7769 15.0899 19.6559
38.75 12.8319 15.1479 19.7189
38.8 12.8869 15.2059 19.7829
38.85 12.9429 15.2649 19.8469
38.9 12.9989 15.3239 19.9119
38.95 13.0559 15.3829 19.9779
39.0 13.1129 15.4429 20.0429
39.05 13.1699 15.5039 20.1099
39.1 13.2279 15.5649 20.1769
39.15 13.2859 15.6259 20.2439
39.2 13.3449 15.6879 20.3119
39.25 13.4049 15.7509 20.3799
39.3 13.4649 15.8139 20.4489
39.35 13.5259 15.8779 20.5189
39.4 13.5889 15.9439 20.5909
39.45 13.6539 16.0119 20.6649
39.5 13.7099 16.0709 20.7299
39.55 13.7699 16.1339 20.7989
39.6 13.8309 16.1989 20.8699
39.65 13.8939 16.2639 20.9409
39.7 13.9569 16.3299 21.0139
39.75 14.0199 16.3969 21.0859
39.8 14.0839 16.4639 21.1599
39.85 14.1489 16.5319 21.2329
39.9 14.2139 16.5999 21.3079
39.95 14.2799 16.6689 21.3829
40.0 14.3449 16.7379 21.4579
40.05 14.4119 16.8079 21.5339
40.1 14.4789 16.8779 21.6109
40.15 14.5469 16.9489 21.6879
40.2 14.6149 17.0199 21.7649
40.25 14.6839 17.0919 21.8429
40.3 14.7529 17.1649 21.9219
40.35 14.8229 17.2379 22.0009
40.4 14.8929 17.3109 22.0809
40.45 14.9639 17.3849 22.1619
40.5 15.0359 17.4599 22.2429
40.55 15.1079 17.5349 22.3239
40.6 15.1799 17.6109 22.4059
40.65 15.2529 17.6879 22.4889
40.7 15.3269 17.7649 22.5719
40.75 15.4009 17.8419 22.6559
40.8 15.4759 17.9199 22.7409
40.85 15.5519 17.9989 22.8259
40.9 15.6279 18.0779 22.9119
40.95 15.7039 18.1579 22.9979
41.0 15.7819 18.2389 23.0849
41.05 15.8599 18.3199 23.1729
41.1 15.9379 18.4019 23.2609
41.15 16.0169 18.4849 23.3499
41.2 16.0969 18.5679 23.4399
41.25 16.1779 18.6519 23.5299
41.3 16.2589 18.7359 23.6209
41.35 16.3409 18.8209 23.7119
41.4 16.4229 18.9069 23.8049
41.45 16.5059 18.9939 23.8979
41.5 16.5899 19.0809 23.9909
41.55 16.6749 19.1689 24.0859
41.6 16.7599 19.2569 24.1809
41.65 16.8459 19.3469 24.2769
41.7 16.9329 19.4369 24.3729
41.75 17.0199 19.5279 24.4699
41.8 17.1079 19.6189 24.5679
41.85 17.1969 19.7109 24.6669
41.9 17.2869 19.8039 24.7669
41.95 17.3769 19.8979 24.8669
42.0 17.469 19.993 24.968
42.05 17.561 20.088 25.07
42.1 17.654 20.184 25.173
42.15 17.747 20.281 25.276
42.2 17.842 20.379 25.381
42.25 17.937 20.478 25.486
42.3 18.033 20.578 25.592
42.35 18.131 20.678 25.699
42.4 18.229 20.78 25.807
42.45 18.328 20.882 25.916
42.5 18.428 20.986 26.026
42.55 18.529 21.091 26.138
42.6 18.632 21.197 26.25
42.65 18.737 21.305 26.365
42.7 18.844 21.416 26.482
42.75 18.957 21.531 26.604
42.8 19.084 21.661 26.74
42.85 19.204 21.784 26.869
42.9 19.279 21.863 26.955
42.95 19.376 21.964 27.062
43.0 19.479 22.071 27.176
43.05 19.586 22.181 27.293
43.1 19.695 22.293 27.412
43.15 19.806 22.407 27.532
43.2 19.919 22.523 27.654
43.25 20.033 22.64 27.778
43.3 20.148 22.759 27.903
43.35 20.265 22.88 28.03
43.4 20.384 23.002 28.159
43.45 20.505 23.127 28.29
43.5 20.63 23.255 28.424
43.55 20.762 23.389 28.565
43.6 20.907 23.538 28.72
43.65 21.106 23.739 28.926
43.7 21.16 23.797 28.991
43.75 21.257 23.898 29.099
43.8 21.373 24.018 29.225
43.85 21.502 24.149 29.363
43.9 21.619 24.27 29.49
43.95 21.744 24.398 29.625
44.0 21.871 24.528 29.761
44.05 22.001 24.662 29.901
44.1 22.134 24.798 30.043
44.15 22.268 24.935 30.187
44.2 22.404 25.074 30.332
44.25 22.541 25.214 30.478
44.3 22.679 25.356 30.626
44.35 22.82 25.499 30.776
44.4 22.961 25.644 30.927
44.45 23.104 25.791 31.079
44.5 23.249 25.939 31.233
44.55 23.396 26.088 31.389
44.6 23.544 26.24 31.546
44.65 23.694 26.392 31.705
44.7 23.846 26.547 31.866
44.75 24 26.705 32.03
44.8 24.159 26.867 32.197
44.85 24.33 27.041 32.377
44.9 24.483 27.197 32.539
44.95 24.629 27.346 32.694
45.0 24.784 27.504 32.858
45.05 24.944 27.667 33.027
45.1 25.106 27.832 33.198
45.15 25.271 28 33.371
45.2 25.438 28.17 33.547
45.25 25.606 28.341 33.724
45.3 25.777 28.515 33.903
45.35 25.949 28.69 34.084
45.4 26.124 28.868 34.267
45.45 26.3 29.047 34.452
45.5 26.479 29.228 34.639
45.55 26.659 29.412 34.827
45.6 26.842 29.597 35.018
45.65 27.026 29.784 35.211
45.7 27.213 29.974 35.405
45.75 27.402 30.165 35.602
45.8 27.592 30.359 35.801
45.85 27.785 30.554 36.002
45.9 27.981 30.752 36.205
45.95 28.178 30.953 36.411
46.0 28.378 31.155 36.618
46.05 28.58 31.36 36.828
46.1 28.784 31.567 37.04
46.15 28.991 31.776 37.254
46.2 29.201 31.988 37.471
46.25 29.413 32.202 37.69
46.3 29.627 32.419 37.911
46.35 29.844 32.639 38.135
46.4 30.063 32.861 38.362
46.45 30.286 33.085 38.591
46.5 30.51 33.312 38.823
46.55 30.738 33.542 39.057
46.6 30.969 33.775 39.294
46.65 31.202 34.011 39.534
46.7 31.438 34.249 39.777
46.75 31.677 34.49 40.023
46.8 31.919 34.735 40.271
46.85 32.164 34.982 40.522
46.9 32.413 35.232 40.776
46.95 32.664 35.486 41.034
47.0 32.919 35.742 41.294
47.05 33.177 36.002 41.558
47.1 33.438 36.266 41.825
47.15 33.703 36.532 42.095
47.2 33.971 36.802 42.368
47.25 34.242 37.076 42.645
47.3 34.517 37.353 42.926
47.35 34.796 37.633 43.209
47.4 35.079 37.917 43.497
47.45 35.365 38.206 43.788
47.5 35.656 38.497 44.083
47.55 35.95 38.793 44.382
47.6 36.248 39.093 44.684
47.65 36.551 39.397 44.991
47.7 36.858 39.705 45.301
47.75 37.168 40.017 45.616
47.8 37.484 40.334 45.935
47.85 37.804 40.655 46.258
47.9 38.128 40.98 46.586
47.95 38.457 41.311 46.918
48.0 38.791 41.645 47.255
48.05 39.129 41.985 47.596
48.1 39.473 42.33 47.942
48.15 39.822 42.679 48.293
48.2 40.176 43.034 48.649
48.25 40.535 43.394 49.01
48.3 40.899 43.759 49.376
48.35 41.27 44.129 49.748
48.4 41.645 44.506 50.125
48.45 42.027 44.888 50.508
48.5 42.415 45.276 50.896
48.55 42.808 45.67 51.29
48.6 43.208 46.07 51.69
48.65 43.614 46.476 52.096
48.7 44.027 46.889 52.509
48.75 44.447 47.308 52.928
48.8 44.873 47.735 53.354
48.85 45.307 48.168 53.786
48.9 45.747 48.608 54.226
48.95 46.196 49.056 54.672
49.0 46.651 49.511 55.126
49.05 47.115 49.974 55.587
49.1 47.587 50.445 56.057
49.15 48.067 50.924 56.534
49.2 48.556 51.412 57.019
49.25 49.054 51.908 57.513
49.3 49.561 52.414 58.016
49.35 50.077 52.929 58.528
49.4 50.603 53.453 59.049
49.45 51.139 53.988 59.58
49.5 51.686 54.532 60.121
49.55 52.243 55.088 60.672
49.6 52.812 55.655 61.235
49.65 53.393 56.233 61.808
49.7 53.986 56.824 62.394
49.75 54.592 57.427 62.991
49.8 55.211 58.043 63.602
49.85 55.845 58.674 64.226
49.9 56.494 59.32 64.865
49.95 57.161 59.983 65.522
50.0 57.852 60.67 66.201