0.05 0.0 0.0 0.0 
0.1 0.001 0.001 0.001 
0.15 0.001 0.001 0.001 
0.2 0.002 0.002 0.002 
0.25 0.003 0.003 0.003 
0.3 0.003 0.003 0.003 
0.35 0.004 0.004 0.004 
0.4 0.004 0.004 0.004 
0.45 0.004 0.004 0.004 
0.5 0.004 0.004 0.004 
0.55 0.005 0.005 0.005 
0.6 0.005 0.005 0.005 
0.65 0.005 0.005 0.005 
0.7 0.005 0.005 0.005 
0.75 0.005 0.005 0.005 
0.8 0.005 0.005 0.005 
0.85 0.006 0.006 0.006 
0.9 0.006 0.006 0.006 
0.95 0.006 0.006 0.006 
1.0 0.006 0.006 0.006 
1.05 0.006 0.006 0.006 
1.1 0.006 0.006 0.006 
1.15 0.006 0.006 0.006 
1.2 0.006 0.006 0.006 
1.25 0.006 0.006 0.006 
1.3 0.006 0.006 0.006 
1.35 0.006 0.006 0.006 
1.4 0.006 0.006 0.006 
1.45 0.006 0.006 0.006 
1.5 0.006 0.006 0.006 
1.55 0.006 0.006 0.006 
1.6 0.006 0.006 0.006 
1.65 0.006 0.006 0.006 
1.7 0.006 0.006 0.006 
1.75 0.006 0.006 0.006 
1.8 0.006 0.006 0.006 
1.85 0.006 0.006 0.006 
1.9 0.006 0.006 0.006 
1.95 0.006 0.006 0.006 
2.0 0.006 0.006 0.006 
2.05 0.006 0.006 0.006 
2.1 0.006 0.006 0.006 
2.15 0.006 0.006 0.006 
2.2 0.006 0.006 0.006 
2.25 0.006 0.006 0.006 
2.3 0.006 0.006 0.006 
2.35 0.006 0.006 0.007 
2.4 0.006 0.006 0.007 
2.45 0.006 0.006 0.007 
2.5 0.006 0.006 0.007 
2.55 0.006 0.006 0.007 
2.6 0.006 0.006 0.007 
2.65 0.006 0.007 0.007 
2.7 0.006 0.007 0.007 
2.75 0.006 0.007 0.007 
2.8 0.006 0.007 0.007 
2.85 0.006 0.007 0.007 
2.9 0.007 0.007 0.007 
2.95 0.007 0.007 0.007 
3.0 0.007 0.007 0.007 
3.05 0.007 0.007 0.007 
3.1 0.007 0.007 0.007 
3.15 0.007 0.007 0.007 
3.2 0.007 0.007 0.007 
3.25 0.007 0.007 0.007 
3.3 0.007 0.007 0.007 
3.35 0.007 0.007 0.007 
3.4 0.007 0.007 0.007 
3.45 0.007 0.007 0.007 
3.5 0.007 0.007 0.007 
3.55 0.007 0.007 0.007 
3.6 0.007 0.007 0.007 
3.65 0.007 0.007 0.007 
3.7 0.007 0.007 0.007 
3.75 0.007 0.007 0.007 
3.8 0.007 0.007 0.007 
3.85 0.007 0.007 0.007 
3.9 0.007 0.007 0.007 
3.95 0.007 0.007 0.007 
4.0 0.007 0.007 0.007 
4.05 0.007 0.007 0.007 
4.1 0.007 0.007 0.007 
4.15 0.007 0.007 0.007 
4.2 0.007 0.007 0.007 
4.25 0.007 0.007 0.007 
4.3 0.007 0.007 0.007 
4.35 0.007 0.007 0.007 
4.4 0.007 0.007 0.007 
4.45 0.007 0.007 0.007 
4.5 0.007 0.007 0.007 
4.55 0.007 0.007 0.007 
4.6 0.007 0.007 0.007 
4.65 0.007 0.007 0.007 
4.7 0.007 0.007 0.007 
4.75 0.007 0.007 0.007 
4.8 0.007 0.007 0.007 
4.85 0.007 0.007 0.007 
4.9 0.007 0.007 0.007 
4.95 0.007 0.007 0.007 
5.0 0.007 0.007 0.007 
5.05 0.007 0.007 0.007 
5.1 0.007 0.007 0.007 
5.15 0.007 0.007 0.007 
5.2 0.007 0.007 0.007 
5.25 0.007 0.007 0.007 
5.3 0.007 0.007 0.007 
5.35 0.007 0.007 0.007 
5.4 0.007 0.007 0.007 
5.45 0.007 0.007 0.007 
5.5 0.007 0.007 0.007 
5.55 0.007 0.007 0.007 
5.6 0.007 0.007 0.008 
5.65 0.007 0.007 0.008 
5.7 0.007 0.007 0.008 
5.75 0.007 0.007 0.008 
5.8 0.007 0.007 0.008 
5.85 0.007 0.007 0.008 
5.9 0.007 0.007 0.008 
5.95 0.007 0.007 0.008 
6.0 0.007 0.007 0.008 
6.05 0.007 0.007 0.008 
6.1 0.007 0.007 0.008 
6.15 0.007 0.007 0.008 
6.2 0.007 0.007 0.008 
6.25 0.007 0.007 0.008 
6.3 0.007 0.007 0.008 
6.35 0.007 0.007 0.008 
6.4 0.007 0.007 0.008 
6.45 0.007 0.007 0.008 
6.5 0.007 0.007 0.008 
6.55 0.007 0.007 0.008 
6.6 0.007 0.007 0.008 
6.65 0.007 0.007 0.008 
6.7 0.007 0.007 0.008 
6.75 0.007 0.007 0.008 
6.8 0.007 0.007 0.008 
6.85 0.007 0.007 0.008 
6.9 0.007 0.007 0.008 
6.95 0.007 0.008 0.008 
7.0 0.007 0.008 0.008 
7.05 0.007 0.008 0.008 
7.1 0.007 0.008 0.008 
7.15 0.007 0.008 0.008 
7.2 0.007 0.008 0.008 
7.25 0.007 0.008 0.008 
7.3 0.007 0.008 0.008 
7.35 0.007 0.008 0.008 
7.4 0.007 0.008 0.008 
7.45 0.007 0.008 0.008 
7.5 0.007 0.008 0.008 
7.55 0.007 0.008 0.008 
7.6 0.007 0.008 0.008 
7.65 0.007 0.008 0.008 
7.7 0.007 0.008 0.009 
7.75 0.007 0.008 0.009 
7.8 0.007 0.008 0.009 
7.85 0.007 0.008 0.009 
7.9 0.007 0.008 0.009 
7.95 0.007 0.008 0.009 
8.0 0.007 0.008 0.009 
8.05 0.007 0.008 0.009 
8.1 0.007 0.008 0.009 
8.15 0.008 0.008 0.009 
8.2 0.008 0.008 0.009 
8.25 0.008 0.008 0.009 
8.3 0.008 0.008 0.009 
8.35 0.008 0.008 0.009 
8.4 0.008 0.008 0.009 
8.45 0.008 0.008 0.009 
8.5 0.008 0.008 0.009 
8.55 0.008 0.008 0.009 
8.6 0.008 0.008 0.009 
8.65 0.008 0.008 0.009 
8.7 0.008 0.008 0.009 
8.75 0.008 0.008 0.009 
8.8 0.008 0.008 0.009 
8.85 0.008 0.008 0.009 
8.9 0.008 0.008 0.009 
8.95 0.008 0.008 0.009 
9.0 0.008 0.008 0.009 
9.05 0.008 0.008 0.009 
9.1 0.008 0.008 0.009 
9.15 0.008 0.008 0.009 
9.2 0.008 0.008 0.01 
9.25 0.008 0.008 0.01 
9.3 0.008 0.008 0.01 
9.35 0.008 0.008 0.01 
9.4 0.008 0.008 0.01 
9.45 0.008 0.008 0.01 
9.5 0.008 0.009 0.01 
9.55 0.008 0.009 0.01 
9.6 0.008 0.009 0.01 
9.65 0.008 0.009 0.01 
9.7 0.008 0.009 0.01 
9.75 0.008 0.009 0.01 
9.8 0.008 0.009 0.01 
9.85 0.008 0.009 0.01 
9.9 0.008 0.009 0.01 
9.95 0.008 0.009 0.01 
10.0 0.008 0.009 0.01 
10.05 0.008 0.009 0.01 
10.1 0.008 0.009 0.01 
10.15 0.008 0.009 0.01 
10.2 0.008 0.009 0.01 
10.25 0.008 0.009 0.01 
10.3 0.008 0.009 0.01 
10.35 0.008 0.009 0.01 
10.4 0.008 0.009 0.011 
10.45 0.008 0.009 0.011 
10.5 0.008 0.009 0.011 
10.55 0.008 0.009 0.011 
10.6 0.008 0.009 0.011 
10.65 0.008 0.009 0.011 
10.7 0.008 0.009 0.011 
10.75 0.008 0.009 0.011 
10.8 0.008 0.009 0.011 
10.85 0.008 0.009 0.011 
10.9 0.008 0.009 0.011 
10.95 0.008 0.009 0.011 
11.0 0.008 0.009 0.011 
11.05 0.009 0.009 0.011 
11.1 0.009 0.009 0.011 
11.15 0.009 0.009 0.011 
11.2 0.009 0.009 0.011 
11.25 0.009 0.01 0.011 
11.3 0.009 0.01 0.011 
11.35 0.009 0.01 0.011 
11.4 0.009 0.01 0.012 
11.45 0.009 0.01 0.012 
11.5 0.009 0.01 0.012 
11.55 0.009 0.01 0.012 
11.6 0.009 0.01 0.012 
11.65 0.009 0.01 0.012 
11.7 0.009 0.01 0.012 
11.75 0.009 0.01 0.012 
11.8 0.009 0.01 0.012 
11.85 0.009 0.01 0.012 
11.9 0.009 0.01 0.012 
11.95 0.009 0.01 0.012 
12.0 0.009 0.01 0.012 
12.05 0.009 0.01 0.012 
12.1 0.009 0.01 0.012 
12.15 0.009 0.01 0.012 
12.2 0.009 0.01 0.012 
12.25 0.009 0.01 0.013 
12.3 0.009 0.01 0.013 
12.35 0.009 0.01 0.013 
12.4 0.009 0.01 0.013 
12.45 0.009 0.01 0.013 
12.5 0.009 0.01 0.013 
12.55 0.009 0.01 0.013 
12.6 0.009 0.011 0.013 
12.65 0.009 0.011 0.013 
12.7 0.009 0.011 0.013 
12.75 0.009 0.011 0.013 
12.8 0.009 0.011 0.013 
12.85 0.009 0.011 0.013 
12.9 0.009 0.011 0.013 
12.95 0.009 0.011 0.014 
13.0 0.009 0.011 0.014 
13.05 0.01 0.011 0.014 
13.1 0.01 0.011 0.014 
13.15 0.01 0.011 0.014 
13.2 0.01 0.011 0.014 
13.25 0.01 0.011 0.014 
13.3 0.01 0.011 0.014 
13.35 0.01 0.011 0.014 
13.4 0.01 0.011 0.014 
13.45 0.01 0.011 0.014 
13.5 0.01 0.011 0.014 
13.55 0.01 0.011 0.015 
13.6 0.01 0.011 0.015 
13.65 0.01 0.012 0.015 
13.7 0.01 0.012 0.015 
13.75 0.01 0.012 0.015 
13.8 0.01 0.012 0.015 
13.85 0.01 0.012 0.015 
13.9 0.01 0.012 0.015 
13.95 0.01 0.012 0.015 
14.0 0.01 0.012 0.015 
14.05 0.01 0.012 0.016 
14.1 0.01 0.012 0.016 
14.15 0.01 0.012 0.016 
14.2 0.01 0.012 0.016 
14.25 0.01 0.012 0.016 
14.3 0.01 0.012 0.016 
14.35 0.01 0.012 0.016 
14.4 0.01 0.012 0.016 
14.45 0.01 0.012 0.016 
14.5 0.011 0.013 0.017 
14.55 0.011 0.013 0.017 
14.6 0.011 0.013 0.017 
14.65 0.011 0.013 0.017 
14.7 0.011 0.013 0.017 
14.75 0.011 0.013 0.017 
14.8 0.011 0.013 0.017 
14.85 0.011 0.013 0.017 
14.9 0.011 0.013 0.018 
14.95 0.011 0.013 0.018 
15.0 0.011 0.013 0.018 
15.05 0.011 0.013 0.018 
15.1 0.011 0.013 0.018 
15.15 0.011 0.013 0.018 
15.2 0.011 0.014 0.018 
15.25 0.011 0.014 0.018 
15.3 0.011 0.014 0.019 
15.35 0.011 0.014 0.019 
15.4 0.011 0.014 0.019 
15.45 0.011 0.014 0.019 
15.5 0.011 0.014 0.019 
15.55 0.011 0.014 0.019 
15.6 0.012 0.014 0.02 
15.65 0.012 0.014 0.02 
15.7 0.012 0.014 0.02 
15.75 0.012 0.014 0.02 
15.8 0.012 0.015 0.02 
15.85 0.012 0.015 0.02 
15.9 0.012 0.015 0.021 
15.95 0.012 0.015 0.021 
16.0 0.012 0.015 0.021 
16.05 0.012 0.015 0.021 
16.1 0.012 0.015 0.021 
16.15 0.012 0.015 0.022 
16.2 0.012 0.015 0.022 
16.25 0.012 0.016 0.022 
16.3 0.012 0.016 0.022 
16.35 0.012 0.016 0.022 
16.4 0.013 0.016 0.023 
16.45 0.013 0.016 0.023 
16.5 0.013 0.016 0.023 
16.55 0.013 0.016 0.023 
16.6 0.013 0.016 0.024 
16.65 0.013 0.017 0.024 
16.7 0.013 0.017 0.024 
16.75 0.013 0.017 0.024 
16.8 0.013 0.017 0.025 
16.85 0.013 0.017 0.025 
16.9 0.013 0.017 0.025 
16.95 0.013 0.017 0.025 
17.0 0.013 0.018 0.026 
17.05 0.014 0.018 0.026 
17.1 0.014 0.018 0.026 
17.15 0.014 0.018 0.027 
17.2 0.014 0.018 0.027 
17.25 0.014 0.018 0.027 
17.3 0.014 0.019 0.027 
17.35 0.014 0.019 0.028 
17.4 0.014 0.019 0.028 
17.45 0.014 0.019 0.029 
17.5 0.014 0.019 0.029 
17.55 0.015 0.019 0.029 
17.6 0.015 0.02 0.03 
17.65 0.015 0.02 0.03 
17.7 0.015 0.02 0.03 
17.75 0.015 0.02 0.031 
17.8 0.015 0.02 0.031 
17.85 0.015 0.021 0.032 
17.9 0.015 0.021 0.032 
17.95 0.015 0.021 0.032 
18.0 0.016 0.021 0.033 
18.05 0.016 0.022 0.033 
18.1 0.016 0.022 0.034 
18.15 0.016 0.022 0.034 
18.2 0.016 0.022 0.035 
18.25 0.016 0.023 0.035 
18.3 0.016 0.023 0.036 
18.35 0.017 0.023 0.037 
18.4 0.017 0.024 0.037 
18.45 0.017 0.024 0.038 
18.5 0.017 0.024 0.038 
18.55 0.017 0.024 0.039 
18.6 0.017 0.025 0.039 
18.65 0.018 0.025 0.04 
18.7 0.018 0.025 0.041 
18.75 0.018 0.026 0.042 
18.8 0.018 0.026 0.042 
18.85 0.018 0.027 0.043 
18.9 0.019 0.027 0.044 
18.95 0.019 0.027 0.044 
19.0 0.019 0.028 0.045 
19.05 0.019 0.028 0.046 
19.1 0.019 0.029 0.047 
19.15 0.02 0.029 0.048 
19.2 0.02 0.03 0.049 
19.25 0.02 0.03 0.05 
19.3 0.02 0.03 0.051 
19.35 0.021 0.031 0.051 
19.4 0.021 0.031 0.052 
19.45 0.021 0.032 0.054 
19.5 0.022 0.033 0.055 
19.55 0.022 0.033 0.056 
19.6 0.022 0.034 0.057 
19.65 0.022 0.034 0.058 
19.7 0.023 0.035 0.059 
19.75 0.023 0.036 0.06 
19.8 0.023 0.036 0.062 
19.85 0.024 0.037 0.063 
19.9 0.024 0.038 0.064 
19.95 0.024 0.038 0.066 
20.0 0.025 0.039 0.067 
20.05 0.025 0.04 0.069 
20.1 0.026 0.04 0.07 
20.15 0.026 0.041 0.072 
20.2 0.026 0.042 0.073 
20.25 0.027 0.043 0.075 
20.3 0.027 0.044 0.077 
20.35 0.028 0.045 0.078 
20.4 0.028 0.046 0.08 
20.45 0.029 0.047 0.082 
20.5 0.029 0.047 0.084 
20.55 0.03 0.048 0.086 
20.6 0.03 0.049 0.088 
20.65 0.031 0.05 0.09 
20.7 0.031 0.052 0.092 
20.75 0.032 0.053 0.094 
20.8 0.032 0.054 0.096 
20.85 0.033 0.055 0.098 
20.9 0.034 0.056 0.101 
20.95 0.034 0.057 0.103 
21.0 0.035 0.058 0.105 
21.05 0.035 0.06 0.108 
21.1 0.036 0.061 0.11 
21.15 0.037 0.062 0.113 
21.2 0.037 0.063 0.115 
21.25 0.038 0.064 0.117 
21.3 0.039 0.066 0.12 
21.35 0.039 0.067 0.122 
21.4 0.04 0.068 0.125 
21.45 0.041 0.07 0.127 
21.5 0.041 0.071 0.13 
21.55 0.042 0.072 0.132 
21.6 0.042 0.073 0.135 
21.65 0.043 0.074 0.137 
21.7 0.044 0.076 0.14 
21.75 0.044 0.077 0.142 
21.8 0.045 0.078 0.144 
21.85 0.045 0.079 0.146 
21.9 0.046 0.08 0.148 
21.95 0.046 0.081 0.15 
22.0 0.047 0.082 0.152 
22.05 0.047 0.083 0.153 
22.1 0.048 0.083 0.155 
22.15 0.048 0.084 0.156 
22.2 0.048 0.084 0.157 
22.25 0.048 0.085 0.158 
22.3 0.049 0.085 0.158 
22.35 0.049 0.085 0.158 
22.4 0.049 0.085 0.158 
22.45 0.049 0.085 0.158 
22.5 0.049 0.085 0.158 
22.55 0.049 0.085 0.157 
22.6 0.048 0.084 0.157 
22.65 0.048 0.084 0.156 
22.7 0.048 0.084 0.155 
22.75 0.048 0.083 0.154 
22.8 0.047 0.082 0.152 
22.85 0.047 0.082 0.151 
22.9 0.047 0.081 0.15 
22.95 0.046 0.08 0.148 
23.0 0.046 0.08 0.147 
23.05 0.046 0.079 0.145 
23.1 0.045 0.078 0.143 
23.15 0.045 0.077 0.142 
23.2 0.045 0.076 0.14 
23.25 0.044 0.075 0.138 
23.3 0.044 0.075 0.136 
23.35 0.043 0.074 0.135 
23.4 0.043 0.073 0.133 
23.45 0.042 0.072 0.131 
23.5 0.042 0.071 0.129 
23.55 0.042 0.07 0.127 
23.6 0.041 0.069 0.126 
23.65 0.041 0.068 0.124 
23.7 0.04 0.068 0.122 
23.75 0.04 0.067 0.12 
23.8 0.04 0.066 0.119 
23.85 0.039 0.065 0.117 
23.9 0.039 0.064 0.115 
23.95 0.038 0.063 0.113 
24.0 0.038 0.063 0.112 
24.05 0.038 0.062 0.11 
24.1 0.037 0.061 0.109 
24.15 0.037 0.06 0.107 
24.2 0.036 0.06 0.106 
24.25 0.036 0.059 0.104 
24.3 0.036 0.058 0.103 
24.35 0.035 0.057 0.101 
24.4 0.035 0.057 0.1 
24.45 0.035 0.056 0.098 
24.5 0.035 0.055 0.097 
24.55 0.034 0.055 0.096 
24.6 0.034 0.054 0.095 
24.65 0.034 0.054 0.093 
24.7 0.033 0.053 0.092 
24.75 0.033 0.052 0.091 
24.8 0.033 0.052 0.09 
24.85 0.033 0.051 0.089 
24.9 0.032 0.051 0.088 
24.95 0.032 0.05 0.087 
25.0 0.032 0.05 0.086 
25.05 0.032 0.049 0.085 
25.1 0.032 0.049 0.084 
25.15 0.031 0.048 0.083 
25.2 0.031 0.048 0.082 
25.25 0.031 0.048 0.081 
25.3 0.031 0.047 0.08 
25.35 0.031 0.047 0.079 
25.4 0.03 0.046 0.078 
25.45 0.03 0.046 0.078 
25.5 0.03 0.046 0.077 
25.55 0.03 0.045 0.076 
25.6 0.03 0.045 0.075 
25.65 0.03 0.045 0.075 
25.7 0.03 0.044 0.074 
25.75 0.029 0.044 0.073 
25.8 0.029 0.044 0.073 
25.85 0.029 0.043 0.072 
25.9 0.029 0.043 0.071 
25.95 0.029 0.043 0.071 
26.0 0.029 0.042 0.07 
26.05 0.029 0.042 0.069 
26.1 0.029 0.042 0.069 
26.15 0.028 0.042 0.068 
26.2 0.028 0.041 0.068 
26.25 0.028 0.041 0.067 
26.3 0.028 0.041 0.067 
26.35 0.028 0.041 0.066 
26.4 0.028 0.041 0.066 
26.45 0.028 0.04 0.065 
26.5 0.028 0.04 0.065 
26.55 0.028 0.04 0.065 
26.6 0.028 0.04 0.064 
26.65 0.028 0.04 0.064 
26.7 0.028 0.039 0.063 
26.75 0.027 0.039 0.063 
26.8 0.027 0.039 0.063 
26.85 0.027 0.039 0.062 
26.9 0.027 0.039 0.062 
26.95 0.027 0.039 0.062 
27.0 0.027 0.039 0.061 
27.05 0.027 0.038 0.061 
27.1 0.027 0.038 0.061 
27.15 0.027 0.038 0.06 
27.2 0.027 0.038 0.06 
27.25 0.027 0.038 0.06 
27.3 0.027 0.038 0.059 
27.35 0.027 0.038 0.059 
27.4 0.027 0.038 0.059 
27.45 0.027 0.038 0.059 
27.5 0.027 0.037 0.058 
27.55 0.027 0.037 0.058 
27.6 0.027 0.037 0.058 
27.65 0.027 0.037 0.058 
27.7 0.027 0.037 0.058 
27.75 0.027 0.037 0.057 
27.8 0.027 0.037 0.057 
27.85 0.027 0.037 0.057 
27.9 0.027 0.037 0.057 
27.95 0.027 0.037 0.057 
28.0 0.027 0.037 0.056 
28.05 0.027 0.037 0.056 
28.1 0.027 0.037 0.056 
28.15 0.027 0.037 0.056 
28.2 0.027 0.036 0.056 
28.25 0.027 0.036 0.056 
28.3 0.027 0.036 0.055 
28.35 0.027 0.036 0.055 
28.4 0.027 0.036 0.055 
28.45 0.027 0.036 0.055 
28.5 0.027 0.036 0.055 
28.55 0.027 0.036 0.055 
28.6 0.027 0.036 0.055 
28.65 0.027 0.036 0.055 
28.7 0.027 0.036 0.055 
28.75 0.027 0.036 0.054 
28.8 0.027 0.036 0.054 
28.85 0.027 0.036 0.054 
28.9 0.027 0.036 0.054 
28.95 0.027 0.036 0.054 
29.0 0.027 0.036 0.054 
29.05 0.027 0.036 0.054 
29.1 0.027 0.036 0.054 
29.15 0.027 0.036 0.054 
29.2 0.027 0.036 0.054 
29.25 0.027 0.036 0.054 
29.3 0.027 0.036 0.054 
29.35 0.027 0.036 0.054 
29.4 0.027 0.036 0.053 
29.45 0.027 0.036 0.053 
29.5 0.027 0.036 0.053 
29.55 0.027 0.036 0.053 
29.6 0.028 0.036 0.053 
29.65 0.028 0.036 0.053 
29.7 0.028 0.036 0.053 
29.75 0.028 0.036 0.053 
29.8 0.028 0.036 0.053 
29.85 0.028 0.036 0.053 
29.9 0.028 0.036 0.053 
29.95 0.028 0.036 0.053 
30.0 0.028 0.036 0.053 
30.05 0.028 0.037 0.054 
30.1 0.028 0.037 0.053 
30.15 0.028 0.037 0.053 
30.2 0.028 0.037 0.053 
30.25 0.028 0.037 0.053 
30.3 0.028 0.037 0.053 
30.35 0.028 0.037 0.053 
30.4 0.028 0.037 0.053 
30.45 0.028 0.037 0.053 
30.5 0.029 0.037 0.053 
30.55 0.029 0.037 0.053 
30.6 0.029 0.037 0.053 
30.65 0.029 0.037 0.053 
30.7 0.029 0.037 0.053 
30.75 0.029 0.037 0.053 
30.8 0.029 0.037 0.053 
30.85 0.029 0.037 0.053 
30.9 0.029 0.037 0.053 
30.95 0.029 0.037 0.053 
31.0 0.029 0.037 0.053 
31.05 0.029 0.037 0.053 
31.1 0.029 0.037 0.053 
31.15 0.029 0.037 0.053 
31.2 0.029 0.037 0.053 
31.25 0.029 0.037 0.053 
31.3 0.029 0.037 0.053 
31.35 0.029 0.037 0.054 
31.4 0.03 0.038 0.054 
31.45 0.03 0.038 0.054 
31.5 0.03 0.038 0.054 
31.55 0.03 0.038 0.054 
31.6 0.03 0.038 0.054 
31.65 0.03 0.038 0.054 
31.7 0.03 0.038 0.054 
31.75 0.03 0.038 0.054 
31.8 0.03 0.038 0.054 
31.85 0.03 0.038 0.054 
31.9 0.03 0.038 0.054 
31.95 0.03 0.038 0.054 
32.0 0.03 0.038 0.054 
32.05 0.031 0.038 0.054 
32.1 0.031 0.039 0.054 
32.15 0.031 0.039 0.054 
32.2 0.031 0.039 0.055 
32.25 0.031 0.039 0.055 
32.3 0.031 0.039 0.055 
32.35 0.031 0.039 0.055 
32.4 0.031 0.039 0.055 
32.45 0.031 0.039 0.055 
32.5 0.031 0.039 0.055 
32.55 0.031 0.039 0.055 
32.6 0.031 0.039 0.055 
32.65 0.032 0.039 0.055 
32.7 0.032 0.04 0.055 
32.75 0.032 0.04 0.055 
32.8 0.032 0.04 0.056 
32.85 0.032 0.04 0.056 
32.9 0.032 0.04 0.056 
32.95 0.032 0.04 0.056 
33.0 0.032 0.04 0.056 
33.05 0.032 0.04 0.056 
33.1 0.032 0.04 0.056 
33.15 0.033 0.04 0.056 
33.2 0.033 0.041 0.056 
33.25 0.033 0.041 0.056 
33.3 0.033 0.041 0.056 
33.35 0.033 0.041 0.057 
33.4 0.033 0.041 0.057 
33.45 0.033 0.041 0.057 
33.5 0.033 0.041 0.057 
33.55 0.033 0.041 0.057 
33.6 0.033 0.041 0.057 
33.65 0.034 0.041 0.057 
33.7 0.034 0.042 0.057 
33.75 0.034 0.042 0.057 
33.8 0.034 0.042 0.058 
33.85 0.034 0.042 0.058 
33.9 0.034 0.042 0.058 
33.95 0.034 0.042 0.058 
34.0 0.034 0.042 0.058 
34.05 0.034 0.042 0.058 
34.1 0.035 0.042 0.058 
34.15 0.035 0.043 0.058 
34.2 0.035 0.043 0.059 
34.25 0.035 0.043 0.059 
34.3 0.035 0.043 0.059 
34.35 0.035 0.043 0.059 
34.4 0.035 0.043 0.059 
34.45 0.035 0.043 0.059 
34.5 0.035 0.043 0.059 
34.55 0.036 0.044 0.06 
34.6 0.036 0.044 0.06 
34.65 0.036 0.044 0.06 
34.7 0.036 0.044 0.06 
34.75 0.036 0.044 0.06 
34.8 0.036 0.044 0.06 
34.85 0.036 0.044 0.06 
34.9 0.036 0.044 0.06 
34.95 0.037 0.045 0.061 
35.0 0.037 0.045 0.061 
35.05 0.037 0.045 0.061 
35.1 0.037 0.045 0.061 
35.15 0.037 0.045 0.061 
35.2 0.037 0.045 0.061 
35.25 0.037 0.045 0.062 
35.3 0.038 0.046 0.062 
35.35 0.038 0.046 0.062 
35.4 0.038 0.046 0.062 
35.45 0.038 0.046 0.062 
35.5 0.038 0.046 0.062 
35.55 0.038 0.046 0.063 
35.6 0.038 0.046 0.063 
35.65 0.039 0.047 0.063 
35.7 0.039 0.047 0.063 
35.75 0.039 0.047 0.063 
35.8 0.039 0.047 0.063 
35.85 0.039 0.047 0.064 
35.9 0.039 0.047 0.064 
35.95 0.039 0.048 0.064 
36.0 0.04 0.048 0.064 
36.05 0.04 0.048 0.064 
36.1 0.04 0.048 0.064 
36.15 0.04 0.048 0.065 
36.2 0.04 0.048 0.065 
36.25 0.04 0.049 0.065 
36.3 0.04 0.049 0.065 
36.35 0.041 0.049 0.065 
36.4 0.041 0.049 0.065 
36.45 0.041 0.049 0.066 
36.5 0.041 0.049 0.066 
36.55 0.041 0.05 0.066 
36.6 0.041 0.05 0.066 
36.65 0.042 0.05 0.066 
36.7 0.042 0.05 0.067 
36.75 0.042 0.05 0.067 
36.8 0.042 0.05 0.067 
36.85 0.042 0.051 0.067 
36.9 0.042 0.051 0.067 
36.95 0.043 0.051 0.068 
37.0 0.043 0.051 0.068 
37.05 0.043 0.051 0.068 
37.1 0.043 0.051 0.068 
37.15 0.043 0.052 0.068 
37.2 0.043 0.052 0.069 
37.25 0.044 0.052 0.069 
37.3 0.044 0.052 0.069 
37.35 0.044 0.052 0.069 
37.4 0.044 0.053 0.069 
37.45 0.044 0.053 0.07 
37.5 0.045 0.053 0.07 
37.55 0.045 0.053 0.07 
37.6 0.045 0.053 0.07 
37.65 0.045 0.054 0.071 
37.7 0.045 0.054 0.071 
37.75 0.046 0.054 0.071 
37.8 0.046 0.055 0.072 
37.85 0.046 0.055 0.072 
37.9 0.046 0.055 0.072 
37.95 0.046 0.055 0.072 
38.0 0.046 0.055 0.072 
38.05 0.047 0.055 0.072 
38.1 0.047 0.055 0.073 
38.15 0.047 0.056 0.073 
38.2 0.047 0.056 0.073 
38.25 0.047 0.056 0.073 
38.3 0.048 0.056 0.074 
38.35 0.048 0.057 0.074 
38.4 0.048 0.057 0.074 
38.45 0.048 0.057 0.074 
38.5 0.048 0.057 0.075 
38.55 0.049 0.057 0.075 
38.6 0.049 0.058 0.075 
38.65 0.049 0.058 0.075 
38.7 0.049 0.058 0.076 
38.75 0.05 0.058 0.076 
38.8 0.05 0.059 0.076 
38.85 0.05 0.059 0.076 
38.9 0.05 0.059 0.077 
38.95 0.05 0.059 0.077 
39.0 0.051 0.06 0.077 
39.05 0.051 0.06 0.077 
39.1 0.051 0.06 0.078 
39.15 0.051 0.06 0.078 
39.2 0.052 0.06 0.078 
39.25 0.052 0.061 0.079 
39.3 0.052 0.061 0.079 
39.35 0.052 0.061 0.079 
39.4 0.053 0.062 0.079 
39.45 0.053 0.062 0.08 
39.5 0.053 0.062 0.08 
39.55 0.053 0.062 0.08 
39.6 0.054 0.063 0.081 
39.65 0.054 0.063 0.081 
39.7 0.054 0.063 0.081 
39.75 0.054 0.063 0.081 
39.8 0.055 0.064 0.082 
39.85 0.055 0.064 0.082 
39.9 0.055 0.064 0.082 
39.95 0.055 0.064 0.083 
40.0 0.056 0.065 0.083 
40.05 0.056 0.065 0.083 
40.1 0.056 0.065 0.084 
40.15 0.056 0.066 0.084 
40.2 0.057 0.066 0.084 
40.25 0.057 0.066 0.085 
40.3 0.057 0.066 0.085 
40.35 0.058 0.067 0.085 
40.4 0.058 0.067 0.086 
40.45 0.058 0.067 0.086 
40.5 0.058 0.068 0.086 
40.55 0.059 0.068 0.087 
40.6 0.059 0.068 0.087 
40.65 0.059 0.069 0.087 
40.7 0.06 0.069 0.088 
40.75 0.06 0.069 0.088 
40.8 0.06 0.07 0.088 
40.85 0.06 0.07 0.089 
40.9 0.061 0.07 0.089 
40.95 0.061 0.07 0.089 
41.0 0.061 0.071 0.09 
41.05 0.062 0.071 0.09 
41.1 0.062 0.071 0.09 
41.15 0.062 0.072 0.091 
41.2 0.063 0.072 0.091 
41.25 0.063 0.072 0.091 
41.3 0.063 0.073 0.092 
41.35 0.064 0.073 0.092 
41.4 0.064 0.074 0.093 
41.45 0.064 0.074 0.093 
41.5 0.065 0.074 0.093 
41.55 0.065 0.075 0.094 
41.6 0.065 0.075 0.094 
41.65 0.066 0.075 0.095 
41.7 0.066 0.076 0.095 
41.75 0.066 0.076 0.095 
41.8 0.067 0.076 0.096 
41.85 0.067 0.077 0.096 
41.9 0.068 0.077 0.097 
41.95 0.068 0.078 0.097 
42.0 0.068 0.078 0.097 
42.05 0.069 0.078 0.098 
42.1 0.069 0.079 0.098 
42.15 0.069 0.079 0.099 
42.2 0.07 0.08 0.099 
42.25 0.07 0.08 0.1 
42.3 0.071 0.08 0.1 
42.35 0.071 0.081 0.1 
42.4 0.071 0.081 0.101 
42.45 0.072 0.082 0.101 
42.5 0.072 0.082 0.102 
42.55 0.073 0.083 0.102 
42.6 0.073 0.083 0.103 
42.65 0.073 0.083 0.103 
42.7 0.074 0.084 0.104 
42.75 0.074 0.084 0.104 
42.8 0.075 0.085 0.105 
42.85 0.075 0.085 0.105 
42.9 0.076 0.086 0.106 
42.95 0.076 0.086 0.106 
43.0 0.076 0.087 0.107 
43.05 0.077 0.087 0.107 
43.1 0.077 0.087 0.108 
43.15 0.078 0.088 0.108 
43.2 0.078 0.088 0.109 
43.25 0.079 0.089 0.109 
43.3 0.079 0.089 0.11 
43.35 0.08 0.09 0.11 
43.4 0.08 0.09 0.111 
43.45 0.081 0.091 0.111 
43.5 0.081 0.091 0.112 
43.55 0.082 0.092 0.113 
43.6 0.082 0.093 0.113 
43.65 0.083 0.094 0.114 
43.7 0.083 0.094 0.114 
43.75 0.084 0.094 0.115 
43.8 0.084 0.095 0.115 
43.85 0.085 0.095 0.116 
43.9 0.085 0.096 0.116 
43.95 0.086 0.096 0.117 
44.0 0.086 0.097 0.118 
44.05 0.087 0.097 0.118 
44.1 0.087 0.098 0.119 
44.15 0.088 0.098 0.119 
44.2 0.089 0.099 0.12 
44.25 0.089 0.1 0.121 
44.3 0.09 0.1 0.121 
44.35 0.09 0.101 0.122 
44.4 0.091 0.101 0.123 
44.45 0.091 0.102 0.123 
44.5 0.092 0.103 0.124 
44.55 0.093 0.103 0.125 
44.6 0.093 0.104 0.125 
44.65 0.094 0.105 0.126 
44.7 0.095 0.105 0.127 
44.75 0.095 0.106 0.127 
44.8 0.096 0.107 0.128 
44.85 0.097 0.107 0.129 
44.9 0.097 0.108 0.13 
44.95 0.098 0.109 0.13 
45.0 0.099 0.109 0.131 
45.05 0.099 0.11 0.132 
45.1 0.1 0.111 0.132 
45.15 0.101 0.111 0.133 
45.2 0.101 0.112 0.134 
45.25 0.102 0.113 0.135 
45.3 0.103 0.114 0.135 
45.35 0.103 0.114 0.136 
45.4 0.104 0.115 0.137 
45.45 0.105 0.116 0.138 
45.5 0.106 0.117 0.139 
45.55 0.106 0.117 0.139 
45.6 0.107 0.118 0.14 
45.65 0.108 0.119 0.141 
45.7 0.109 0.12 0.142 
45.75 0.11 0.121 0.143 
45.8 0.11 0.121 0.144 
45.85 0.111 0.122 0.145 
45.9 0.112 0.123 0.145 
45.95 0.113 0.124 0.146 
46.0 0.114 0.125 0.147 
46.05 0.115 0.126 0.148 
46.1 0.115 0.127 0.149 
46.15 0.116 0.128 0.15 
46.2 0.117 0.129 0.151 
46.25 0.118 0.129 0.152 
46.3 0.119 0.13 0.153 
46.35 0.12 0.131 0.154 
46.4 0.121 0.132 0.155 
46.45 0.122 0.133 0.156 
46.5 0.123 0.134 0.157 
46.55 0.124 0.135 0.158 
46.6 0.125 0.136 0.159 
46.65 0.126 0.137 0.16 
46.7 0.127 0.138 0.161 
46.75 0.128 0.139 0.162 
46.8 0.129 0.14 0.163 
46.85 0.13 0.142 0.165 
46.9 0.131 0.143 0.166 
46.95 0.132 0.144 0.167 
47.0 0.133 0.145 0.168 
47.05 0.134 0.146 0.169 
47.1 0.136 0.147 0.17 
47.15 0.137 0.148 0.172 
47.2 0.138 0.15 0.173 
47.25 0.139 0.151 0.174 
47.3 0.14 0.152 0.175 
47.35 0.141 0.153 0.177 
47.4 0.143 0.154 0.178 
47.45 0.144 0.156 0.179 
47.5 0.145 0.157 0.181 
47.55 0.147 0.158 0.182 
47.6 0.148 0.16 0.183 
47.65 0.149 0.161 0.185 
47.7 0.151 0.162 0.186 
47.75 0.152 0.164 0.188 
47.8 0.153 0.165 0.189 
47.85 0.155 0.167 0.191 
47.9 0.156 0.168 0.192 
47.95 0.158 0.17 0.194 
48.0 0.159 0.171 0.195 
48.05 0.161 0.173 0.197 
48.1 0.162 0.174 0.198 
48.15 0.164 0.176 0.2 
48.2 0.165 0.177 0.202 
48.25 0.167 0.179 0.203 
48.3 0.169 0.181 0.205 
48.35 0.17 0.182 0.207 
48.4 0.172 0.184 0.208 
48.45 0.174 0.186 0.21 
48.5 0.175 0.188 0.212 
48.55 0.177 0.189 0.214 
48.6 0.179 0.191 0.216 
48.65 0.181 0.193 0.218 
48.7 0.183 0.195 0.22 
48.75 0.185 0.197 0.222 
48.8 0.187 0.199 0.224 
48.85 0.189 0.201 0.226 
48.9 0.191 0.203 0.228 
48.95 0.193 0.205 0.23 
49.0 0.195 0.207 0.232 
49.05 0.197 0.209 0.234 
49.1 0.199 0.211 0.236 
49.15 0.201 0.214 0.239 
49.2 0.204 0.216 0.241 
49.25 0.206 0.218 0.243 
49.3 0.208 0.221 0.246 
49.35 0.211 0.223 0.248 
49.4 0.213 0.226 0.251 
49.45 0.216 0.228 0.253 
49.5 0.218 0.231 0.256 
49.55 0.221 0.233 0.259 
49.6 0.223 0.236 0.262 
49.65 0.226 0.239 0.264 
49.7 0.229 0.242 0.267 
49.75 0.232 0.245 0.27 
49.8 0.235 0.248 0.273 
49.85 0.238 0.251 0.276 
49.9 0.241 0.254 0.279 
49.95 0.244 0.257 0.283 
50.0 0.248 0.26 0.286 